5153742151003184815.5837533
5153742170529050704.1527463
5153742170529050704.6167186
5153742170529050704.5321463
5153742170529050704.5856125
4616878170529015946.4153843
4616878170529015946.1864412
4616878151210042137.8287175
4616878151210042137.3832412
4616878151210042137.3556475
4616878170826194055.4715145
4616878160504065649.7436776
4616878150523114625.7387622
4616878150523114625.2284286
4616878150523114625.6276234
4616878150523114625.1428237
4616878150523114625.2474641
4616878150523114625.7613374
5627871160526101418.7175764
5627871160526101418.4511765
5627871160526101418.7646166
5627871160526101418.3783354
5627871160526101418.1421141
5627871160526101418.4323288
1582136151118104742.6514322
1582136151118104742.1736464
1582136160911182622.4121127
1255428150219171456.7626252
1255428170705143216.8864361
1255428151126193823.3642512
1255428160512105136.4187885
1255428150326045736.6582753
1255428161215231210.8141564
1255428161215231210.1241288
4243687150609445731.3668613
4243687160508111712.2881787
4243687160508111712.2213873
4243687150924183243.6731851
4243687160817223705.3486786
4243687160817223705.7834314
4632787170608111439.1154385
4632787161115102936.8712527
4632787161115102936.5617277
4632787150225074114.3634438
4632787150225074114.4776857
4632787160101194319.6442843
4632787160101194319.1441532
4632787160101194319.1288543
4632787160101194319.6716518
4632787150214231301.3731763
4632787170809173044.4747545
4632787150822535843.3173617
4632787150822535843.7533371
4632787160214054414.4643123
4632787150825221359.4685138
4632787150825221359.6116188
4632787150825221359.1223252
3552585150919465911.7862343
3552585161102491532.8364832
3552585161102491532.7643631
3552585150214044434.1655162
3552585160623005533.2635261
3552585160623005533.6516357
3552585160623005533.5173675
3552585160623005533.5727453
3552585160623005533.4388574
3552585160623005533.7514635
3552585160623005533.3768817
3552585160623005533.1134148
6128555150907095931.8772637
6128555150907095931.7775461
6128555150907095931.4414533
6128555161525421321.2183745
6128555161525421321.8241423
6128555161525421321.1671265
6128555160325154135.7836332
6128555170324015918.4113153
6128555170324015918.8653332
4674652150418183459.1813688
4674652150418183459.3434182
4674652160611222353.3777118
4674652170308013559.1778753
4674652170308013559.8657583
4674652170308013559.6762311
4674652170308013559.6522636
4674652170308013559.6574278
4674652170308013559.1762463
5847373160415114928.3678568
5847373160415114928.8555614
5847373160415114928.3533428
5847373151017101453.3317282
5847373160604061923.3833154
5847373160302153831.1617468
5847373160302153831.1234642
5847373160302153831.6643265
5847373160302153831.1188418
5847373160302153831.7874354
8433384150731143102.3464216
8433384161518523043.7183644
8433384161518523043.2248211
8433384161518523043.5185656
8433384161518523043.5654253
8433384150525033032.3164368
8433384150525033032.2433573
8433384150525033032.5837146
7235117160802143448.6345824
7235117170901262722.2683477
7235117150617091229.6548883
7235117171114052603.6533466
7235117171114052603.3743477
7235117160927012144.7667538
4881624160515164031.1331241
4881624160515164031.4128445
4881624160515164031.6613533
4881624160515164031.6783636
7753744150521031121.3737831
7753744150521031121.7868218
7753744150521031121.4754777
7753744161217435741.6241543
7753744161217435741.8558276
2288824170424433013.4585736
2288824160215040312.2842883
2288824160215040312.3438332
2288824160215040312.7216812
2288824160215040312.6651786
6327255170226231354.1284588
7453743171006064513.8656812
7453743160908162356.2165613
7453743160908162356.1757152
7453743170429035145.4626535
7453743170429035145.2524271
7453743150705082945.3347123
7453743180101164416.3166218
7453743171211265513.2231685
7453743171211265513.1276575
8737642170105063930.5623363
8737642170105063930.3136881
8737642170105063930.7586245
8737642170105063930.6645618
3181348161123110634.5648121
3181348160325100753.8328176
3181348160529185148.4132766
3181348171114142738.7574213
3181348151013042345.8675586
3181348160327174227.5141422
3181348160327174227.7324726
3181348160327174227.3417538
3181348170823160643.3824336
3181348150322140100.2867514
3181348171218543143.1262534
3181348170627191219.8417657
3181348151226011255.5756361
3181348160730000331.6518561
2753738160623081249.4448727
2753738160623081249.2822521
2753738160623081249.4224734
3751666151227131829.3271381
3751666150228230841.4317687
3751666170617083603.3376546
3751666170617083603.1874838
4221231171019015107.6112436
4221231171019015107.4764512
4221231171019015107.3681686
4221231171019015107.5161647
4221231171019015107.2361381
4221231171019015107.6667465
4221231171019015107.7414726
3613746160930143158.8647513
3613746160930143158.3555544
3613746160930143158.6715212
3613746160930143158.7213831
3613746170510085047.6864375
3613746170510085047.2615872
3613746170510085047.4621352
3613746170510085047.4235827
3613746170510085047.4363716
3613746170510085047.3814554
3613746171519470534.2377637
2135388170513081711.3811758
2135388150616153621.7463121
2135388150616153621.1568122
2135388150616153621.1654343
2135388150616153621.8288611
2135388160228142256.4766238
2135388160228142256.2114341
2135388160228142256.6546472
2135388160228142256.8417788
2135388160228142256.8357746
2135388160228142256.6138242
2135388160228142256.6463877
2135388160228142256.1242311
2135388160228142256.2617578
7143857171114061322.6361323
7143857171114061322.2823518
7143857171114061322.1573182
8583878161025112621.7732882
8583878160829072258.8138133
8583878160829072258.1677185
8583878160829072258.7274248
8583878160829072258.2471772
8583878160829072258.7283363
8583878180100105313.7218727
8583878180100105313.5576748
8583878180100105313.5167448
8583878161158391434.5245886
8583878161158391434.2577827
8583878161158391434.7756225
8583878161158391434.5354377
8583878161158391434.7816465
8583878161158391434.3518378
7272716150415062750.5188656
7378787161112235111.3413421
7378787161112235111.2141426
7378787170403145613.2788636
7378787170403145613.8656788
7378787150713071403.6442525
7378787160501143654.1826228
7378787160501143654.1543285
5315762170418061039.6316271
7874386161028170911.3525828
7874386161028170911.5215546
7874386161028170911.1441232
7874386170406011121.7528433
7874386170406011121.8846111
7874386170406011121.5727546
7874386161107130529.8585218
7874386160625093030.8614426
7216527161225190838.8622127
7216527161225190838.8371753
7216527161225190838.3853481
7216527170613170124.2687438
7216527170613170124.8121287
7216527170613170124.1437727
7216527150903043758.2441834
7216527150903043758.8328876
7216527170102160628.1782476
7216527170102160628.7667317
7216527170102160628.1821853
7216527170102160628.7382813
3712576150226415944.3316238
3712576150226415944.5238466
3712576150226415944.3477575
3712576170425005533.8253471
3712576170425005533.7727318
3712576170425005533.3457466
3712576170425005533.5128124
7617852160714140950.8745135
7617852160714140950.2184786
7617852160714140950.8312533
7617852170426430313.1835645
7617852170426430313.2212143
7617852170426430313.5174776
4528274170114012942.6415478
4528274170114012942.7538844
4528274161024014922.8784367
4528274161024014922.8772861
4528274161024014922.6384612
4528274161024014922.5581445
4528274161024014922.3337253
4528274161024014922.4463811
4528274161024014922.8542552
4528274161024014922.5438238
4528274161024014922.3371514
4528274161024014922.6255234
4528274161024014922.2665854
4528274161024014922.8148535
7341273170507511742.5154154
7341273160312194944.5146375
7341273160312194944.1182624
7341273160312194944.8757856
7341273160312194944.4755475
7341273160312194944.5465461
7341273160312194944.6512181
7341273170423001625.5846154
2478628171228071623.8718367
2478628160105464044.3358743
2478628160111021227.8265686
2478628160111021227.1814811
2478628160608354322.2417524
2478628160608354322.7822458
2478628160608354322.2341531
2478628160608354322.2545588
2478628160608354322.7884517
2478628160608354322.2464213
6861753161019164321.7868534
6861753161019164321.5562615
6861753161019164321.8556824
6861753161019164321.5575285
6861753161216033905.6836815
2335448170308160224.8271252
2335448150929171244.3631544
2335448150929171244.3377128
2335448150929171244.2814624
2335448150929171244.2668551
2335448150929171244.2772331
2335448171322240914.7867278
2335448171322240914.1277762
2335448171322240914.7633561
2335448171322240914.2264812
2335448151018103909.7763436
2335448180311235533.6141524
2335448180311235533.6723267
8475573160601182322.8236111
8475573160601182322.1676882
8475573170315011240.4375547
8475573170315011240.6273565
8475573170315011240.3532456
8475573170315011240.4627865
8475573151107105023.3627875
8475573151107105023.5425784
8475573160816284411.6664776
8475573160730211103.3586832
3512811180122214252.5621642
3512811161128133006.4334747
3512811161128133006.4817114
3512811150524043000.2844682
3512811150524043000.2714383
3512811150524043000.7658783
3512811161616390432.4631161
3512811161616390432.3784772
3512811170406210411.8857375
3512811170406210411.1715476
3512811170406210411.8683671
3512811151125245822.2125278
3512811160728214545.6734223
3512811170519192957.1462848
3512811170519192957.7345487
3512811170519192957.4516561
3512811170519192957.5284566
3512811170519192957.7423623
3512811170519192957.8414341
3512811170519192957.7434726
3754126180110513322.7552236
3754126180110513322.5688175
3754126180110513322.3436485
2113626151030143928.8845881
2113626160210171905.6481665
2113626160312191150.1875154
2113626160312191150.6662632
2113626170816025518.3275865
2113626161126011053.2163476
2113626161126011053.4147474
2113626150429163740.1183881
2113626150429163740.7515385
2113626150429163740.4824564
2113626150429163740.2255878
2113626160701150133.1781215
2113626150929235148.1752843
2113626150929235148.5148166
6544287160815022412.4846572
6544287160815022412.8431224
6544287170612183330.2383526
6544287170612183330.4236134
6544287170612183330.1585842
6544287170612183330.7248522
6544287170612183330.6131527
6544287170612183330.1321556
6544287170612183330.5142866
6544287170612183330.3728751
1186321160211142855.1565677
1186321160211142855.7274857
1186321160211142855.6626414
1186321160211142855.5451724
1186321160211142855.8881852
1186321160211142855.3386536
1186321160211142855.4723451
1186321160822160651.2565276
1186321160822160651.7262826
1186321160822160651.7441658
1186321160822160651.8156676
1186321160822160651.1536722
2775473170111121402.3738237
2775473170111121402.5122377
2775473170111121402.6766123
2775473170111121402.8464767
2775473171108480423.4212688
2775473171108480423.7587222
2775473171108480423.3836711
2775473171108480423.7664222
5532248170401003634.7367457
5532248171823263334.1681333
5532248171823263334.1553627
5532248171823263334.1728276
5532248171823263334.3286161
5532248171823263334.3543726
5532248171823263334.8143318
5532248171823263334.5356237
2248787151811301231.6865278
2248787151130051451.7357654
2248787151130051451.8461375
2248787151130051451.3614324
2248787151130051451.2618353
5315433161027182606.8762226
5315433160815021414.3335756
5315433160914093310.3573875
5315433161223072248.7336543
5315433151231182526.4177513
5315433151231182526.1474376
5315433151231182526.6373321
5315433151231182526.4164366
5315433151231182526.6731643
5315433151231182526.6212558
1862537170119151835.5554823
1862537160702101806.2712747
1862537160702101806.7266582
1862537160409095642.2715537
1862537160816110405.2863523
1862537160816110405.6264358
1862537160816110405.7887262
1862537160816110405.6853352
1862537160816110405.1518646
1862537160816110405.1266462
1862537160816110405.4724144
1862537160816110405.1386581
4666636171010091517.6731486
4666636170711002443.1824822
4666636170711002443.7818387
4666636170109185612.3644618
4666636170109185612.8575678
4666636170323042645.3275366
4666636170323042645.4623666
3147453160602140108.7141718
3147453150908052509.6761553
3147453150908052509.1224518
3147453151003151606.4283876
3147453151003151606.3775823
3147453150330075109.3134837
3147453161001195924.1122543
3147453161001195924.3458566
3147453161001195924.1624135
5418758160728124227.2847476
5418758160728124227.7366288
5418758160728124227.5644741
5418758160728124227.1122554
5418758151105074550.5441325
5418758180117071707.7681387
6148161161809542632.8525813
6148161160927113154.1335466
6148161160427062317.5416788
6148161160427062317.2614735
6148161160802192944.7575577
6148161160802192944.7132226
6148161160802192944.7812285
6253164170810021636.4641642
6253164170116075417.2224734
6253164170116075417.7266725
6253164170116075417.8414368
6253164170116075417.3557781
2581585170630050351.2424112
2581585170630050351.5611851
2581585170827100606.6812646
2581585170827100606.5871883
4337668150924151014.6484745
4337668160524105934.6541574
4337668170715151434.5774825
4337668170715151434.6114615
4337668160921040047.4848276
5748251150812125411.8445567
5748251150812125411.7347851
5748251171021175427.8683337
5748251171021175427.2157781
5748251161017045958.6111261
5748251150807131941.1527182
5748251150514141558.7631563
5748251170424054938.5428513
4462518170709125831.6614226
4462518170709125831.5532446
4462518170709125831.3255827
4462518150419000717.5237344
4462518160508180725.2365872
4462518160508180725.8312383
4462518160508180725.8355871
4462518160508180725.8121316
4462518160727062543.3712248
4462518160727062543.4481564
4462518180509451124.7833166
4462518180509451124.4141143
4462518171007025934.1448374
4462518171007025934.8624285
4462518171007025934.7182136
